diode_tune: 0.009000000000000001
phase_tune: 0.36499999999999994
