cc: -3.673815
channel: 0
diode_tune: 0.06999999999999995
phase_tune: 0.353
