cc: -3.738274
channel: 0
diode_tune: 0.07550000000000003
phase_tune: 0.353
