cc: -1.594777
channel: 0
diode_tune: 0.06480000000000001
phase_tune: 0.3531
