cc: -1.731662
channel: 5
diode_tune: 0.047
phase_tune: 0.6890000000000001
