cc: -1.731662
channel: 0
diode_tune: 0.06420000000000002
phase_tune: 0.3541
