cc: -5.246731
channel: 0
diode_tune: 0.08
phase_tune: 0.35300000000000026
