cc: -5.246731
channel: 2
diode_tune: 0.07000000000000005
phase_tune: 0.353000000000001
