cc: -5.246731
channel: 2
diode_tune: 0
phase_tune: 0.5180000000000001
