cc: -5.246731
channel: 4
diode_tune: 0.838
phase_tune: 0.36700000000000005
