cc: -5.246731
channel: 0
diode_tune: 0.1943
phase_tune: 0.5377000000000001
